0.000000 0.236024
0.100000 0.456210
0.200000 0.671468
0.300000 0.881347
0.400000 1.085621
0.500000 1.284285
0.600000 1.477541
0.700000 1.665784
0.800000 1.849573
0.900000 2.029611
1.000000 2.206705
1.100000 2.381739
1.200000 2.555635
1.300000 2.729320
1.400000 2.903693
1.500000 3.079593
1.600000 3.257770
1.700000 3.438862
1.800000 3.623379
1.900000 3.811682
2.000000 4.003983
2.100000 4.200339
2.200000 4.400655
2.300000 4.604695
2.400000 4.812093
2.500000 5.022373
2.600000 5.234969
2.700000 5.449250
2.800000 5.664547
2.900000 5.880173
3.000000 6.095458
3.100000 6.309767
3.200000 6.522523
3.300000 6.733232
3.400000 6.941492
3.500000 7.147010
3.600000 7.349609
3.700000 7.549231
3.800000 7.745933
3.900000 7.939886
4.000000 8.131362
4.100000 8.320723
4.200000 8.508402
4.300000 8.694886
4.400000 8.880698
4.500000 9.066372
4.600000 9.252434
4.700000 9.439384
4.800000 9.627674
4.900000 9.817694
5.000000 10.009759
5.100000 10.204097
5.200000 10.400842
5.300000 10.600034
5.400000 10.801617
5.500000 11.005444
5.600000 11.211286
5.700000 11.418839
5.800000 11.627744
5.900000 11.837595
6.000000 12.047959
6.100000 12.258395
6.200000 12.468468
6.300000 12.677768
6.400000 12.885923
6.500000 13.092615
6.600000 13.297590
6.700000 13.500668
6.800000 13.701744
6.900000 13.900796
7.000000 14.097883
7.100000 14.293137
7.200000 14.486762
7.300000 14.679021
7.400000 14.870225
7.500000 15.060722
7.600000 15.250881
7.700000 15.441077
7.800000 15.631679
7.900000 15.823030
8.000000 16.015440
8.100000 16.209173
8.200000 16.404436
8.300000 16.601371
8.400000 16.800054
8.500000 17.000491
8.600000 17.202620
8.700000 17.406312
8.800000 17.611382
8.900000 17.817592
9.000000 18.024663
9.100000 18.232290
9.200000 18.440150
9.300000 18.647914
9.400000 18.855266
9.500000 19.061909
9.600000 19.267581
9.700000 19.472059
9.800000 19.675175
9.900000 19.876813
10.000000 20.076922
